648 6 6 108
324 59800000 800000 10000000
53 37 61 58 23 17 88 102 70 60 40 80 12 64 106 104 45 5 49 91 82 79 103 4 86 66 36 43 57 62 52 48 69 94 34 76 26 1 38 68 10 74 67 27 92 16 96 107 31 18 75 78 30 0 85 98 99 28 3 97 9 2 29 84 13 71 25 42 39 32 8 65 89 90 41 50 35 83 51 21 11 87 20 77 63 54 24 81 6 72 73 19 44 93 33 95 46 59 55 56 101 100 7 22 15 105 14 47
6 100 75 71 102 19 0 49 8 9 23 53 18 41 88 81 97 83 12 5 20 104 91 10 68 90 26 27 56 74 30 59 101 55 39 99 40 84 65 34 36 13 89 93 51 105 95 62 96 7 79 44 69 11 57 33 28 54 98 31 67 92 47 63 64 38 87 60 24 52 70 3 94 82 29 2 85 80 103 50 77 15 73 17 37 76 106 66 14 42 25 22 61 43 72 46 48 16 58 35 1 32 4 78 21 45 86 107
23 74 9 84 58 80 50 34 106 2 76 11 83 19 26 39 25 43 94 13 81 21 40 0 51 16 14 102 68 29 33 42 104 30 7 46 60 93 85 15 22 69 31 17 66 71 35 77 107 57 6 24 52 87 105 55 95 49 4 91 36 86 63 62 103 67 44 65 28 41 75 45 88 78 1 70 10 47 73 79 5 20 89 12 3 38 61 53 72 82 99 59 97 37 18 56 101 92 100 90 98 96 27 64 32 54 8 48
90 62 91 3 12 83 6 100 20 45 66 105 4 102 17 43 42 14 87 19 8 99 77 40 24 44 34 33 28 35 50 64 59 27 26 29 93 78 101 54 23 92 16 15 25 9 75 81 85 94 30 98 96 74 39 106 63 65 76 32 107 61 1 56 31 57 10 70 68 73 67 71 80 69 53 46 58 22 37 95 72 47 88 5 97 48 86 18 82 89 0 2 41 36 49 79 52 84 51 21 7 38 13 104 103 11 55 60
7 41 81 107 91 5 59 0 97 21 55 78 14 66 12 77 93 95 19 18 32 9 29 23 42 35 46 63 100 22 31 30 20 37 52 25 105 33 39 38 82 1 24 49 85 45 26 80 103 43 87 84 34 65 79 10 62 70 88 6 102 69 56 27 75 53 13 72 104 61 57 96 67 98 99 64 101 15 11 54 47 2 40 92 51 44 89 50 58 86 94 4 83 16 90 17 71 8 73 74 28 76 60 48 68 36 106 3
20 72 92 60 46 49 43 75 54 105 33 70 39 28 55 32 87 59 18 58 0 77 53 73 31 29 103 80 13 25 104 24 15 10 94 61 48 99 66 12 107 67 71 6 44 51 4 106 36 5 69 45 98 22 8 14 97 83 19 17 3 35 76 91 93 102 38 41 85 50 11 42 1 23 90 7 62 21 81 86 27 78 100 57 88 68 79 16 84 101 74 63 2 64 34 96 95 56 52 37 82 89 65 26 30 9 47 40
5 60 96 104 4 0 54 31 65 22 19 33 46 15 25 13 40 84 64 10 30 51 9 97 74 14 76 32 82 77 20 7 27 11 42 68 36 47 75 87 16 93 34 88 73 49 12 37 67 45 106 21 56 53 6 71 52 98 89 59 1 94 91 69 18 8 72 48 35 63 102 55 66 44 24 38 26 29 79 78 81 80 28 83 17 86 85 39 43 58 103 62 105 41 61 101 2 23 57 99 107 95 70 90 3 92 50 100
78 43 15 24 51 90 47 68 76 89 106 13 54 11 52 2 16 17 99 56 72 74 71 105 3 26 25 97 101 33 94 80 66 29 79 83 58 81 55 39 63 50 44 1 42 65 53 6 88 60 41 4 14 46 12 38 19 57 36 102 49 100 62 40 73 45 32 96 7 69 84 22 20 64 21 86 8 93 0 34 31 37 82 35 70 85 75 95 48 9 5 104 98 77 30 87 67 27 92 18 61 28 59 107 91 23 10 103
66 14 83 54 76 27 53 19 71 36 50 75 73 31 1 101 70 61 55 7 62 28 22 64 90 94 41 5 21 86 96 13 32 93 63 35 9 45 56 78 95 26 65 107 68 37 47 46 106 77 10 74 84 6 3 18 38 60 59 58 57 17 20 34 23 42 0 67 44 103 16 8 97 12 51 11 4 49 39 104 88 91 105 2 52 87 29 85 80 99 24 81 92 33 25 40 30 72 102 89 100 15 98 69 79 82 48 43
54 84 94 20 64 21 89 48 104 28 67 23 49 47 14 53 80 31 70 37 3 5 72 11 29 74 87 75 9 24 92 17 43 33 62 98 82 19 83 77 52 56 63 32 60 90 50 13 7 12 46 107 40 15 0 66 41 99 105 86 44 73 34 42 4 97 55 10 79 78 18 101 22 61 25 27 81 39 69 68 16 76 36 38 1 88 59 26 85 6 45 93 30 91 2 100 103 65 35 57 95 71 106 96 8 58 102 51
41 1 34 15 87 36 107 45 78 26 103 93 51 18 67 3 101 99 13 83 53 35 27 28 88 38 9 22 23 65 62 31 63 52 2 21 5 55 25 86 61 0 91 43 58 7 81 102 66 85 73 12 33 20 54 37 74 104 44 95 96 40 30 32 94 29 48 14 92 77 72 89 70 50 56 97 84 69 8 100 106 46 98 19 76 49 39 4 24 71 105 42 68 11 64 59 60 75 82 17 79 16 47 10 57 90 80 6
1 0 95 32 27 22 82 41 30 85 63 60 91 52 44 71 98 57 47 77 73 105 5 35 49 36 96 4 74 40 8 100 3 45 69 23 25 43 51 65 29 7 101 37 14 33 59 18 102 24 86 38 13 80 70 62 89 17 104 46 11 66 55 10 67 39 61 64 103 34 54 15 78 20 28 76 75 19 72 107 53 106 6 90 94 9 50 99 97 56 83 12 93 92 84 2 26 88 16 87 31 42 48 68 58 21 81 79
68 6 2 76 105 56 1 80 92 57 70 29 37 45 46 79 60 66 43 88 101 52 23 22 102 25 95 30 64 11 27 33 48 31 97 54 77 12 90 41 74 39 75 18 78 13 14 67 32 69 93 96 21 55 35 53 5 9 72 89 16 98 85 65 28 63 17 47 0 49 10 106 58 103 40 42 3 36 44 15 7 81 94 99 86 62 84 100 19 59 38 107 8 50 82 26 51 34 61 83 87 20 24 73 104 4 71 91
87 77 43 100 107 6 5 54 37 92 68 65 86 13 49 21 73 25 76 71 41 15 75 102 103 17 47 89 83 97 93 79 95 96 40 52 44 8 42 98 34 20 38 2 36 57 84 26 69 14 61 91 35 64 7 67 106 45 74 99 81 50 82 85 53 11 105 55 10 48 94 19 72 16 58 22 18 1 90 31 104 60 62 28 46 63 12 0 88 27 78 51 9 30 70 32 33 29 39 59 3 101 23 24 80 66 56 4
48 57 22 106 63 86 24 7 102 73 51 101 79 40 28 96 68 54 92 61 23 90 2 20 6 34 32 60 14 91 95 88 26 67 25 47 39 50 71 36 13 89 99 59 69 62 80 35 0 100 37 10 81 93 17 103 98 1 66 43 27 19 45 4 84 75 58 33 16 44 85 38 83 9 87 65 105 82 94 12 46 52 77 72 64 70 5 74 31 41 21 29 18 53 78 30 15 97 56 42 49 11 8 55 107 76 3 104
55 70 44 18 79 26 105 40 17 48 95 106 63 50 74 84 91 8 3 46 54 64 24 80 22 73 5 53 34 60 101 71 99 47 28 104 72 67 52 103 7 68 100 92 2 61 19 33 9 107 13 93 38 27 20 0 87 96 82 94 29 45 77 12 21 66 65 37 41 83 1 31 36 25 14 89 78 62 76 4 23 98 58 69 15 90 88 56 86 75 85 16 43 51 59 10 57 102 81 32 42 30 97 39 35 6 11 49
93 75 80 72 33 29 15 20 49 55 48 85 25 81 61 6 90 97 65 51 7 83 106 31 45 12 86 59 88 5 47 23 40 4 64 39 78 79 99 35 32 103 92 60 94 24 62 30 10 8 96 19 58 67 101 9 107 105 52 27 43 14 46 95 34 18 89 53 91 84 74 82 3 102 70 1 100 104 36 37 2 13 71 21 69 11 26 98 28 66 16 68 42 0 44 63 50 17 87 38 76 54 73 41 77 57 22 56
94 13 90 16 67 92 57 78 58 81 46 62 47 1 35 93 3 56 103 87 83 27 60 38 37 51 40 21 42 31 45 29 84 104 49 14 100 24 23 80 26 61 28 64 99 30 10 12 63 34 50 25 72 71 82 73 17 6 8 69 22 41 11 48 43 89 95 4 75 59 88 53 52 55 74 68 102 101 7 97 39 9 54 20 32 106 91 19 70 65 2 86 5 15 0 66 98 79 96 44 36 77 76 18 33 107 85 105
24 93 35 62 80 18 51 101 100 78 58 83 76 38 98 99 32 107 5 44 88 55 65 70 0 39 43 57 30 84 28 91 16 49 71 2 81 95 13 25 54 77 64 26 19 87 85 59 60 33 103 6 82 102 40 21 56 27 10 47 48 75 3 105 42 22 69 104 97 66 23 34 106 79 96 61 12 41 9 73 4 36 52 11 29 46 92 45 20 94 90 31 86 1 89 37 74 68 14 15 8 7 53 50 67 63 72 17
56 23 53 79 69 106 94 60 68 103 39 98 28 32 20 51 67 40 61 25 14 87 30 1 59 19 78 74 12 81 22 38 13 90 102 66 62 71 31 10 17 85 47 99 100 52 77 42 58 88 105 15 45 2 91 89 0 80 48 24 7 18 36 73 70 84 35 16 8 4 64 37 107 63 27 95 93 46 26 3 57 29 86 104 65 41 82 21 49 55 33 54 96 76 6 75 92 101 11 43 44 97 34 9 83 50 5 72
2 73 0 4 3 68 87 24 33 38 90 91 16 48 86 94 12 50 106 36 57 88 25 71 7 22 63 79 95 30 29 37 70 8 85 81 19 31 9 58 46 76 72 56 45 44 40 60 13 75 17 77 64 54 53 92 43 20 39 65 47 78 102 26 52 59 66 107 5 98 32 23 42 1 104 49 41 51 61 27 80 35 84 100 82 34 14 6 21 96 10 11 55 99 15 28 89 105 69 93 83 103 62 101 74 97 18 67
97 18 38 17 50 8 90 86 5 12 65 73 9 70 41 76 21 3 1 49 92 16 62 104 39 31 58 72 55 68 60 25 37 71 99 59 56 32 2 24 101 14 45 54 63 42 52 61 48 19 4 85 46 89 43 28 36 100 26 35 30 47 22 44 79 10 91 69 29 67 13 33 27 11 103 82 15 105 80 64 78 83 75 81 84 51 7 88 87 53 6 66 20 95 98 93 102 0 94 34 57 40 96 74 23 77 107 106
77 12 52 88 62 39 83 10 91 14 7 87 1 92 9 23 28 105 59 20 19 29 32 15 69 82 99 85 16 21 89 36 22 51 47 75 31 61 46 5 67 42 41 98 93 79 38 34 72 103 80 33 2 63 86 57 94 55 60 18 58 37 4 53 71 78 96 40 84 24 97 64 48 73 106 35 76 0 65 45 50 100 25 6 68 27 54 11 3 30 107 8 13 44 56 102 66 70 43 26 81 104 95 49 101 17 74 90
40 48 47 37 70 78 52 58 18 74 10 20 97 98 33 63 54 19 8 17 11 102 87 36 75 65 57 67 99 107 32 35 30 14 89 31 23 3 49 105 0 79 81 68 90 96 104 2 1 38 59 61 6 72 16 76 100 26 7 50 94 51 95 15 88 25 82 27 43 71 4 69 53 92 9 24 55 77 5 41 83 42 66 80 93 91 103 22 64 34 44 85 73 84 60 62 45 12 13 28 56 106 21 86 46 39 101 29
36 47 17 51 60 38 56 25 10 106 8 43 78 61 18 107 88 2 14 73 22 85 20 68 104 7 42 44 84 70 103 57 54 46 93 82 0 62 5 66 65 105 26 11 27 83 33 1 80 101 94 3 90 59 32 64 6 31 92 53 4 13 37 76 55 40 39 98 23 100 29 86 79 19 95 75 63 102 12 72 48 99 35 45 28 21 71 87 16 91 52 89 58 34 50 74 97 96 67 81 69 49 77 30 24 41 9 15
75 30 101 97 96 46 19 47 82 41 35 63 84 104 102 91 69 51 42 6 58 95 78 37 55 62 89 45 31 98 1 28 73 61 107 10 87 23 100 57 85 9 18 52 50 27 5 7 94 65 44 17 43 66 67 24 92 39 20 93 80 33 25 11 83 49 53 54 70 16 68 79 90 32 86 0 103 88 22 71 60 105 8 64 12 40 74 36 77 26 72 15 56 59 48 21 4 3 29 106 38 2 14 76 13 81 99 34
72 11 41 96 66 85 63 56 23 99 15 1 36 82 107 10 100 21 34 68 104 17 39 8 70 30 102 84 81 105 25 87 44 89 18 74 12 83 95 22 40 2 86 71 32 50 57 48 47 76 45 51 106 75 80 61 7 46 58 62 79 55 59 6 91 73 4 78 19 92 24 43 0 65 35 53 49 94 67 60 54 28 13 37 27 5 42 31 103 33 101 64 69 97 77 38 3 93 98 9 16 90 26 88 20 29 52 14
13 38 55 7 54 84 93 3 66 77 88 39 59 0 89 16 15 96 26 79 85 37 98 74 71 61 18 101 105 106 49 67 50 56 44 73 42 21 1 11 94 107 36 100 34 76 65 64 83 30 32 53 68 51 4 2 33 97 91 12 104 25 72 99 47 46 8 31 52 90 82 24 62 35 23 78 45 9 75 19 86 102 70 48 5 20 80 103 10 14 69 58 95 6 40 92 17 57 22 63 43 27 81 87 60 28 29 41
33 15 11 59 32 82 41 30 9 8 78 2 23 77 81 1 75 98 88 57 25 89 56 12 62 20 60 52 104 94 7 102 4 0 83 43 74 90 40 70 38 6 97 35 61 92 99 76 84 54 101 80 27 103 49 91 22 19 96 3 26 44 24 106 87 86 73 71 93 95 39 67 100 66 36 16 47 13 10 105 51 14 5 34 48 107 65 64 18 21 37 55 45 68 29 69 58 42 17 46 72 50 31 53 28 79 63 85
69 31 89 70 104 53 60 14 50 20 101 46 55 96 7 92 27 58 28 24 9 80 61 84 19 56 35 16 18 49 100 1 86 74 48 26 38 54 36 107 76 45 90 75 91 41 11 63 34 29 8 73 103 5 37 12 25 72 17 85 6 22 93 47 78 98 77 102 81 0 3 88 57 51 33 43 40 66 64 94 21 68 95 106 23 59 32 97 71 2 42 44 15 62 79 82 13 87 65 105 30 10 67 52 4 99 83 39
99 56 31 45 88 15 72 84 79 35 14 95 22 75 10 5 106 18 17 33 40 97 12 77 57 91 62 83 94 66 76 2 58 19 43 9 68 48 54 53 20 55 52 34 103 3 74 73 37 50 49 104 42 39 38 41 1 24 32 87 100 107 26 80 96 105 29 90 36 102 71 70 6 47 46 13 30 23 98 8 63 86 101 27 7 93 81 59 4 92 67 25 89 85 28 11 64 21 78 0 60 82 69 44 51 65 16 61
70 82 23 80 29 41 37 51 55 40 89 49 42 20 21 62 65 22 46 27 13 14 17 2 63 79 44 19 59 4 99 104 98 35 92 33 71 6 84 47 9 5 12 90 26 103 18 39 81 11 102 7 76 96 61 8 66 67 86 28 83 54 15 24 101 16 56 57 77 85 0 36 73 72 105 107 52 68 100 25 3 48 1 60 38 69 58 94 93 10 43 95 34 88 87 91 53 106 32 30 78 64 50 45 31 74 97 75
49 3 18 1 6 12 4 91 107 61 43 24 5 100 22 67 86 52 2 99 44 45 14 48 11 68 50 40 32 73 84 85 28 77 105 79 51 97 104 82 27 95 62 10 20 21 71 70 23 0 26 36 17 69 88 90 72 76 94 101 60 9 42 75 98 92 81 15 25 53 47 46 56 29 78 63 57 33 74 35 103 66 39 93 30 31 16 106 54 102 55 7 65 83 58 41 96 37 64 19 13 59 89 80 38 34 87 8
0 80 5 91 13 2 35 62 101 68 52 44 21 4 92 20 71 76 79 78 15 12 99 100 64 95 49 65 89 85 58 70 102 73 50 6 83 104 96 69 53 75 56 74 11 97 60 47 86 26 34 87 10 40 59 84 42 106 30 54 46 105 7 67 24 27 88 63 9 39 31 16 77 33 43 41 17 72 19 18 1 90 93 36 55 29 48 51 66 28 81 3 14 82 94 25 38 45 107 22 23 8 32 103 37 61 57 98
58 83 99 75 22 14 95 73 11 51 13 8 89 10 5 54 43 68 37 38 52 69 4 27 101 46 88 23 33 36 59 53 65 28 80 40 29 18 19 56 35 100 42 16 62 104 25 74 64 63 92 9 20 31 15 60 39 94 0 30 55 79 44 49 48 32 98 97 17 21 107 87 91 7 47 3 90 81 78 61 34 77 96 1 106 103 93 71 26 12 76 72 50 86 57 6 82 67 66 2 41 24 105 85 45 102 84 70
32 69 29 53 41 40 33 13 34 58 104 26 66 7 16 105 14 55 93 101 28 62 100 63 91 50 11 39 20 2 51 65 0 6 8 97 61 103 72 27 5 4 68 94 106 60 46 71 74 99 25 30 86 3 92 17 79 107 9 83 45 36 21 23 80 31 12 82 42 1 76 47 38 88 48 98 70 78 77 56 64 95 67 59 87 89 52 84 73 85 96 24 54 18 43 81 90 35 75 49 22 19 102 37 10 15 44 57
59 25 79 92 90 64 81 33 96 19 32 15 26 106 71 11 78 36 72 9 37 91 89 58 80 1 12 77 67 75 85 34 10 7 31 45 17 20 98 74 104 83 84 105 46 35 44 66 55 61 65 52 51 86 100 48 103 93 23 0 82 49 69 107 5 50 47 28 88 62 99 14 18 101 39 29 95 27 16 2 24 6 60 41 42 30 53 102 68 22 4 21 3 57 97 76 8 94 38 70 54 73 87 56 40 43 13 63
37 21 4 94 2 57 104 29 95 50 56 71 33 83 58 61 23 20 85 39 17 1 80 16 47 99 105 55 49 7 78 45 46 12 38 92 65 0 34 19 79 84 53 102 96 31 32 24 89 28 9 88 67 42 93 27 10 5 14 72 87 15 81 97 90 36 70 52 74 101 66 11 59 106 68 103 107 98 30 40 22 62 91 13 41 18 100 60 51 48 64 82 35 54 3 8 44 63 77 25 86 69 43 75 6 26 73 76
104 76 56 95 7 67 101 4 52 96 61 58 45 59 87 47 22 78 83 32 80 70 16 54 25 24 81 66 41 88 39 105 19 75 74 55 102 100 57 30 103 28 94 69 65 12 48 15 46 79 77 106 8 73 23 35 2 38 11 13 89 10 71 90 92 44 27 5 86 43 21 62 93 53 34 33 1 50 17 49 20 26 107 18 85 84 68 14 29 60 63 97 64 72 42 3 9 91 99 98 37 6 36 40 0 31 51 82
100 89 60 14 26 42 25 85 77 15 38 94 56 21 3 9 47 79 81 30 96 13 66 90 41 6 4 86 106 48 19 52 33 32 53 102 92 70 10 62 105 24 5 44 43 93 68 16 29 78 82 54 31 34 51 87 12 103 64 98 2 71 39 88 58 104 22 84 46 99 37 61 76 95 107 80 72 8 49 17 75 18 50 97 67 7 27 55 63 1 23 101 36 45 11 73 20 83 59 69 0 91 35 57 65 40 28 74
101 59 42 21 71 69 17 52 16 43 24 74 58 88 19 86 8 6 25 14 33 3 82 76 10 18 55 105 50 67 41 32 31 20 60 53 54 51 93 100 44 30 2 9 40 64 103 96 97 49 28 37 7 35 36 26 104 95 12 1 34 83 68 66 45 79 63 29 62 5 81 4 85 75 11 73 23 90 99 65 87 70 22 61 98 72 15 80 13 107 77 91 102 38 106 57 47 48 84 78 39 0 92 46 56 27 94 89
106 17 82 63 48 34 102 23 99 66 36 35 52 27 100 73 94 1 74 67 107 68 43 7 40 47 59 13 45 42 57 72 90 64 5 11 10 80 62 84 24 53 29 22 54 28 92 25 4 97 55 83 12 41 44 50 85 30 65 26 103 91 38 3 33 58 9 19 21 79 95 75 31 15 18 71 104 87 88 69 37 96 2 51 39 56 101 77 78 105 32 61 46 98 16 70 81 49 93 8 14 86 6 60 76 89 0 20
27 51 33 41 8 59 86 77 4 34 82 56 98 36 99 70 20 60 50 80 16 75 102 93 67 45 85 0 92 46 106 78 74 2 9 91 13 88 81 40 39 3 105 96 52 25 29 90 100 53 18 1 44 49 89 69 11 63 103 5 17 87 65 57 72 62 107 24 76 55 15 83 64 97 32 21 68 7 31 84 19 38 10 71 79 26 6 61 37 54 47 35 28 23 101 104 43 73 12 14 48 94 22 58 95 42 30 66
92 104 32 67 57 11 103 87 80 93 28 5 61 71 83 89 99 62 27 52 70 101 55 96 84 85 54 18 10 39 64 73 2 58 56 49 43 38 37 29 106 47 78 36 72 69 97 41 59 35 107 82 19 95 26 22 34 4 33 48 75 12 17 102 30 100 90 3 94 45 20 13 44 31 81 60 77 76 42 88 8 74 51 14 24 25 105 7 79 15 66 98 0 9 68 53 23 46 91 16 65 21 63 6 1 86 40 50
31 107 12 48 68 95 79 93 57 70 45 104 2 33 73 26 103 102 75 41 89 92 46 72 105 106 15 50 97 54 98 0 52 13 59 62 63 69 44 55 77 19 43 42 38 10 22 83 3 71 27 66 32 101 29 39 61 8 84 34 76 56 35 36 99 74 51 88 4 37 9 49 23 14 65 18 60 40 87 6 91 85 90 47 58 81 94 78 67 20 82 80 21 7 86 5 100 28 30 64 96 53 17 16 11 24 25 1
10 101 25 28 59 79 92 18 22 42 0 50 72 87 30 65 85 94 7 47 46 96 8 51 32 2 83 70 3 69 14 56 24 40 68 57 64 66 82 44 33 99 9 45 39 43 20 19 61 104 11 23 91 100 81 95 31 35 75 4 93 48 74 77 36 15 37 80 34 29 27 90 12 86 62 58 98 63 106 5 67 54 38 26 89 16 73 13 105 84 71 52 6 60 17 55 21 107 76 41 53 1 103 102 49 88 78 97
79 58 67 57 99 74 16 83 59 53 84 40 64 39 29 28 6 89 97 93 66 43 88 87 92 41 100 49 15 14 55 81 72 98 82 42 52 105 73 13 11 25 35 21 86 85 70 51 76 27 90 47 36 9 63 30 75 3 1 8 95 77 103 54 12 101 20 2 78 104 46 94 32 38 5 56 48 61 68 0 107 31 34 7 10 45 44 23 22 17 50 102 24 19 71 60 106 18 33 4 26 65 91 62 69 37 96 80
103 105 10 56 97 100 31 46 88 95 2 51 48 42 50 102 107 30 89 96 94 71 52 60 28 43 90 81 24 92 17 6 45 41 77 65 53 58 70 93 87 33 13 25 76 32 7 69 12 80 14 11 22 36 78 59 3 75 37 55 23 74 73 98 104 35 106 86 99 47 38 21 82 62 61 57 44 34 54 83 49 27 72 79 91 101 67 40 8 18 26 84 29 39 20 9 19 4 63 68 5 85 15 0 64 1 66 16
63 61 13 49 52 28 58 96 105 31 12 107 10 2 24 27 77 88 62 70 103 32 26 41 14 100 22 15 5 38 53 9 21 76 67 36 35 44 29 94 93 23 46 83 37 98 42 89 87 3 71 101 4 30 72 85 60 59 6 57 56 1 18 0 74 106 92 34 102 86 19 50 54 91 64 81 33 16 84 82 97 75 79 43 78 55 69 48 17 47 95 73 66 40 39 90 7 80 45 104 25 51 68 20 99 8 65 11
82 86 85 9 35 97 27 106 40 3 17 69 74 24 15 14 72 10 105 43 21 20 59 95 13 92 45 6 60 53 37 93 75 79 78 4 107 30 48 89 8 62 104 19 84 26 63 101 38 70 83 71 65 29 102 81 76 58 57 22 28 80 41 46 68 52 99 103 64 11 49 51 16 94 12 32 56 91 34 33 61 55 0 50 44 2 1 96 100 39 98 77 25 31 73 23 87 5 90 66 88 47 54 67 42 18 7 36
50 4 71 89 1 51 80 15 81 49 62 14 85 84 11 7 66 93 48 23 26 24 96 19 21 53 20 90 37 52 40 95 35 83 36 32 34 28 79 104 30 46 61 82 59 68 41 98 18 9 0 5 29 25 58 65 73 64 54 44 91 42 10 87 57 55 16 92 45 106 77 2 75 56 76 72 74 70 86 38 6 8 43 33 13 12 78 63 102 3 27 60 67 17 100 31 22 103 47 107 94 105 88 97 39 101 69 99
84 92 27 87 39 104 61 89 25 46 100 79 93 26 53 41 24 69 57 28 76 78 51 67 16 8 13 2 19 34 70 86 103 80 29 105 37 36 63 4 96 15 48 72 88 73 9 82 42 68 62 22 77 14 90 102 64 18 97 107 65 6 50 38 56 60 94 23 49 17 30 95 43 45 85 83 20 52 21 11 33 101 47 75 0 74 31 3 44 7 54 99 1 12 66 71 40 58 106 91 10 81 55 32 5 35 98 59
105 71 98 26 17 72 8 27 6 63 75 68 90 53 76 37 36 4 39 59 65 33 38 46 77 64 3 7 96 89 97 101 49 21 70 41 16 15 22 18 60 35 57 61 67 102 23 52 91 32 56 95 47 13 83 93 50 42 69 19 40 43 99 9 25 20 100 44 11 58 34 1 5 85 79 10 14 24 107 74 94 84 106 54 81 73 87 86 104 29 12 48 103 55 80 51 28 30 2 62 66 31 45 92 88 0 82 78
17 28 58 99 19 102 13 76 73 97 91 90 41 6 82 69 50 0 21 4 79 18 92 106 30 48 31 68 1 59 24 26 67 81 61 103 98 39 53 37 72 12 96 95 75 74 94 56 25 66 16 63 55 38 65 52 47 87 2 29 88 34 89 51 100 54 49 32 27 15 86 93 40 8 45 44 7 107 101 20 84 33 14 85 80 83 70 57 60 62 11 10 22 71 46 43 42 9 36 3 64 78 5 35 105 104 23 77
80 5 45 85 73 1 97 99 35 11 83 9 17 25 84 87 81 12 82 31 105 36 86 89 50 13 94 98 91 56 54 19 61 59 58 8 21 68 69 76 43 63 49 40 70 2 106 100 51 42 24 48 60 78 30 72 29 102 34 33 52 32 90 41 66 103 64 79 37 38 44 107 55 4 75 74 39 95 53 67 0 16 18 10 14 3 22 15 92 23 62 28 88 101 26 77 104 6 27 7 47 93 57 65 96 20 46 71
16 97 72 66 42 37 26 70 64 56 93 12 11 57 47 85 0 27 36 50 39 22 21 99 73 71 6 17 86 55 44 96 91 92 46 106 18 5 80 20 68 65 4 104 30 54 34 14 77 58 19 76 102 98 45 29 9 13 49 75 101 89 83 82 8 41 3 95 40 74 7 25 2 24 69 59 51 48 105 90 38 103 63 62 100 15 28 107 94 61 79 32 33 10 88 67 31 1 53 23 84 60 52 81 43 78 35 87
47 36 70 77 82 89 39 71 51 52 74 54 68 34 97 25 48 23 86 107 90 103 105 17 81 15 72 96 93 44 83 62 64 88 13 94 1 49 91 6 69 87 76 84 29 99 61 0 16 37 100 8 9 60 11 75 65 66 78 92 53 46 31 104 32 56 57 73 12 40 2 7 26 67 10 55 42 3 58 98 101 24 4 30 43 102 18 41 33 5 20 38 59 28 35 106 27 14 79 45 50 80 85 21 63 22 95 19
14 10 26 5 101 3 34 94 60 64 1 77 35 63 0 31 18 106 16 89 50 47 93 56 38 107 2 78 87 90 43 15 57 95 6 12 91 72 24 92 75 86 69 30 74 55 76 21 70 73 20 59 88 105 96 45 23 32 61 51 8 58 100 13 9 81 80 68 67 42 48 99 37 49 44 40 46 11 27 102 66 65 83 82 103 104 41 28 52 19 29 36 39 22 7 33 54 98 97 71 62 4 79 84 85 53 17 25
76 68 78 69 37 7 49 5 27 32 57 81 103 29 85 80 58 28 30 40 35 34 33 75 44 87 61 8 17 13 18 41 9 22 21 20 97 4 74 60 19 31 102 47 24 86 100 43 99 6 53 92 89 50 55 54 90 10 16 106 39 26 101 79 77 82 83 91 1 3 104 72 71 107 38 23 0 64 2 63 15 11 65 66 96 14 45 25 98 52 56 67 51 105 95 94 84 36 88 48 46 62 42 12 70 93 59 73
12 2 1 8 9 66 98 55 3 4 107 47 0 105 70 78 39 46 29 21 97 19 63 25 60 23 51 28 27 18 61 54 79 36 86 88 33 52 67 16 73 44 87 106 41 101 17 11 65 81 99 26 37 90 31 7 82 68 102 104 24 30 80 22 85 48 5 38 57 93 14 84 95 40 89 92 96 100 15 32 62 49 56 94 71 64 34 42 35 74 53 103 75 69 83 72 76 20 6 50 77 45 58 91 59 13 43 10
64 54 3 2 38 88 45 53 69 30 22 102 81 90 27 72 96 34 44 84 31 41 10 39 36 75 104 14 29 28 9 20 107 65 17 78 24 76 4 23 97 21 85 91 18 6 98 103 71 92 60 70 74 7 1 94 58 62 56 77 50 82 57 89 0 33 67 66 95 8 51 48 15 99 52 25 37 59 35 106 93 12 61 86 19 42 83 101 5 63 13 43 49 80 55 68 16 40 46 73 105 87 11 47 26 100 79 32
83 91 54 86 40 35 42 26 15 24 85 16 102 103 79 8 11 81 101 106 45 63 57 98 9 55 7 71 76 95 56 60 47 50 104 5 80 41 97 73 4 37 6 53 48 20 72 32 44 67 33 94 105 43 2 25 30 22 99 64 31 90 78 21 59 88 74 49 69 68 96 27 46 39 66 100 28 89 62 14 36 17 92 0 107 10 3 93 65 77 61 1 82 87 51 29 70 38 23 58 75 18 12 13 34 52 19 84
74 8 62 55 30 96 76 97 1 86 42 32 101 58 104 88 83 103 31 48 60 94 69 53 34 77 52 95 35 79 4 18 11 70 24 28 49 85 106 64 89 41 10 81 98 100 107 91 19 36 66 90 26 23 73 3 84 71 13 105 20 99 2 78 39 65 50 75 72 22 33 57 68 54 0 67 6 25 63 29 82 43 80 16 56 37 9 92 15 40 51 47 87 102 21 27 5 7 44 61 45 12 93 17 14 59 38 46
85 102 107 38 47 9 75 103 89 5 21 30 13 12 94 35 74 72 23 29 87 10 79 18 54 37 28 92 26 19 11 43 71 53 106 15 76 25 3 52 45 60 83 31 55 40 49 4 98 46 91 57 39 33 24 44 88 51 63 78 41 101 64 58 62 95 86 93 96 80 73 32 17 70 16 6 36 97 59 22 69 82 81 42 105 0 66 20 56 8 104 50 27 67 14 65 68 77 48 100 99 61 1 7 90 84 34 2
22 98 97 78 103 101 18 63 62 91 102 45 82 30 69 34 84 75 6 42 47 67 0 79 53 88 107 35 36 99 13 66 68 44 15 27 28 60 59 106 86 57 19 46 33 11 43 20 95 93 72 64 85 24 94 80 83 41 81 38 37 65 8 7 51 61 31 21 32 14 89 76 50 87 77 17 71 74 3 23 55 58 12 56 16 52 40 73 25 70 92 9 90 49 54 48 105 2 1 29 104 5 10 4 100 96 39 26
8 50 24 22 77 23 46 107 0 25 96 28 105 54 66 17 64 15 33 81 61 56 3 5 2 9 38 51 11 104 75 68 55 18 41 90 69 59 26 95 71 34 103 73 82 58 6 93 53 89 1 27 94 48 13 32 21 92 45 37 106 20 79 86 16 87 14 100 31 36 91 40 102 43 97 30 88 4 85 62 98 19 44 84 83 78 63 65 76 49 35 70 57 47 52 39 10 74 80 101 67 99 72 42 29 12 60 7
39 19 84 6 94 52 3 42 38 100 59 31 70 43 95 57 102 82 51 1 55 76 74 81 65 98 67 73 44 101 68 11 97 105 96 64 47 86 8 0 66 49 7 13 28 80 78 36 56 41 88 18 5 79 71 20 48 15 106 10 63 103 104 60 35 24 40 26 30 72 12 54 69 27 22 99 21 85 46 53 45 23 17 91 2 77 37 89 50 87 93 83 107 90 4 14 34 32 25 75 9 29 16 61 62 33 58 92
25 40 69 36 45 43 44 65 24 37 29 82 19 107 80 42 46 53 20 12 18 30 58 62 8 0 92 99 70 10 21 55 93 48 87 77 3 9 50 63 1 51 15 5 6 4 16 105 33 59 38 41 61 17 60 31 68 74 22 49 54 52 23 39 97 7 78 76 56 2 28 102 103 104 57 96 67 35 66 101 14 89 11 95 90 94 98 34 91 81 84 88 26 32 85 83 75 64 86 27 106 79 71 72 73 47 100 13
86 20 37 10 24 76 40 35 63 44 3 72 94 67 65 98 95 101 96 55 1 50 97 29 4 54 84 100 53 23 48 61 34 99 32 7 79 2 89 49 6 80 59 103 9 75 83 85 30 39 21 81 87 28 25 19 77 88 107 42 74 31 106 8 105 14 68 13 66 91 90 92 11 93 60 45 5 56 82 36 41 51 78 46 26 47 0 52 57 38 70 69 71 73 12 16 18 22 15 33 27 17 104 43 102 64 62 58
71 96 76 74 61 47 70 81 46 23 18 86 67 60 103 52 31 92 10 34 99 65 90 9 94 72 80 56 39 82 69 16 53 57 19 100 85 102 87 28 83 59 106 51 64 66 8 5 104 105 98 43 15 32 95 77 27 33 79 41 13 4 97 68 44 21 45 12 63 30 6 0 25 89 3 93 2 55 91 58 26 7 29 40 101 36 11 38 107 73 22 78 17 75 24 54 1 62 50 20 35 84 37 14 48 49 42 88
52 65 49 11 5 4 30 17 19 16 87 3 38 46 40 15 9 7 98 8 78 39 50 59 79 76 69 41 75 96 6 44 42 68 51 84 94 37 12 21 14 27 32 70 31 47 13 45 54 2 22 34 0 97 48 82 81 86 73 23 99 72 105 64 63 1 71 106 33 26 43 66 61 58 100 28 25 103 20 24 90 56 55 102 35 95 57 10 101 104 80 92 91 107 36 85 29 53 18 60 74 88 83 77 89 62 67 93
62 49 68 23 81 107 21 39 93 104 77 55 65 99 45 59 41 100 60 74 63 6 48 3 82 42 70 64 90 83 72 92 105 102 66 101 106 57 58 7 88 16 25 67 87 14 54 75 22 1 84 79 71 91 46 11 86 37 38 15 18 85 0 20 27 12 34 43 2 94 26 52 30 96 19 47 80 10 97 51 76 4 24 29 50 61 56 44 40 95 28 53 31 8 69 89 73 78 103 13 17 35 33 98 9 32 36 5
18 106 105 93 31 16 28 88 26 82 27 96 99 49 57 30 5 37 0 66 36 60 67 44 58 103 8 10 6 47 15 4 94 85 35 34 20 17 64 42 48 91 39 80 23 89 86 29 40 13 68 97 78 62 56 63 54 14 24 71 21 95 53 55 38 72 19 22 50 107 98 59 65 77 83 84 79 73 52 76 43 104 9 74 75 33 46 90 7 45 87 41 101 3 32 61 11 51 70 12 102 92 100 25 81 2 1 69
3 24 36 0 75 71 38 74 47 102 97 52 92 68 78 60 34 87 107 105 77 48 70 30 1 80 37 61 51 76 23 106 89 43 16 95 2 26 6 90 41 40 58 33 53 67 93 8 21 62 104 28 11 44 99 100 69 85 42 66 15 27 49 83 65 64 59 45 13 56 22 5 86 84 7 4 29 20 14 91 25 88 103 63 73 57 72 17 81 32 39 79 12 46 96 35 94 10 101 54 55 98 9 82 50 19 31 18
91 94 103 25 85 32 36 22 56 79 20 21 44 74 90 48 52 65 73 86 10 11 7 43 89 3 33 42 107 102 80 82 5 26 101 72 6 106 76 71 64 54 27 23 12 95 58 50 15 87 47 99 16 68 41 70 8 69 46 60 59 93 98 81 40 17 75 105 53 57 55 39 35 18 13 66 38 84 96 9 30 63 31 88 77 4 19 49 83 24 14 0 100 61 1 45 78 104 62 51 92 34 29 2 97 67 37 28
46 81 51 64 28 98 78 36 83 62 92 37 104 17 42 18 29 13 15 60 74 100 31 24 23 97 71 54 4 16 79 22 106 38 103 48 7 11 33 43 91 101 14 39 107 56 0 49 35 47 89 2 59 84 27 86 45 73 95 52 19 63 9 61 3 70 93 77 82 105 65 26 96 57 20 94 87 67 6 30 85 1 68 8 53 80 55 76 99 50 102 40 10 66 75 58 72 25 5 88 21 41 90 34 12 69 32 44
98 66 77 43 89 48 20 21 39 67 54 17 87 22 91 38 44 11 78 64 6 7 13 103 61 49 93 34 79 63 42 69 76 106 27 85 57 92 15 8 102 82 30 3 16 70 73 72 5 25 95 86 100 104 10 83 101 36 80 84 105 24 96 29 19 107 1 9 90 31 45 74 47 46 71 88 32 2 18 28 58 94 41 55 59 35 51 12 75 4 68 14 37 26 81 50 62 99 0 97 52 56 40 23 53 60 33 65
38 88 7 40 65 105 77 2 48 87 37 27 32 73 36 75 63 35 100 76 71 84 42 33 85 78 68 11 47 80 107 90 12 23 95 17 14 10 0 45 3 97 22 55 49 39 69 28 8 44 58 102 93 56 66 43 53 79 50 82 64 104 92 16 60 4 54 99 26 46 106 20 81 13 101 15 19 6 25 57 29 72 59 98 21 24 96 9 1 103 31 94 62 52 91 34 86 41 83 67 18 74 51 89 61 5 70 30
65 63 57 12 98 61 64 50 85 59 34 66 3 23 51 29 82 104 90 45 49 46 73 13 107 27 30 25 58 15 26 74 81 39 10 56 103 91 78 33 84 102 95 76 101 19 21 53 93 20 7 14 83 47 77 96 35 2 28 9 71 5 67 1 6 0 11 62 80 75 105 60 92 22 31 69 43 54 38 87 68 32 16 52 40 8 97 79 106 100 18 37 72 48 99 42 55 86 4 94 89 44 41 36 17 70 88 24
9 46 48 102 21 58 10 16 29 0 6 89 77 101 38 83 7 26 53 65 95 4 49 50 56 70 17 87 43 8 81 84 78 69 75 96 104 63 14 88 62 90 93 28 97 94 1 54 2 22 23 68 80 18 47 99 24 91 5 76 92 67 40 37 82 19 79 61 51 33 25 85 74 100 72 34 59 12 32 66 52 30 64 15 31 71 107 27 39 11 41 57 60 42 45 20 35 44 105 55 73 13 3 106 36 98 103 86
73 45 65 34 55 31 9 11 42 6 25 7 29 97 23 106 35 39 67 103 48 49 95 14 72 10 82 58 78 12 90 5 83 62 3 16 59 98 47 17 100 88 8 85 57 1 101 38 20 21 54 75 104 70 50 4 91 44 27 36 68 76 33 71 86 2 84 18 60 96 53 63 24 0 93 51 61 92 28 99 89 107 26 32 66 43 64 105 41 80 30 56 77 74 102 22 69 13 37 79 40 46 94 19 52 87 15 81
35 87 63 44 86 93 32 64 45 107 69 59 57 89 37 100 33 80 66 82 42 38 68 101 27 96 39 24 40 61 74 77 6 16 90 0 55 14 21 26 28 104 20 78 3 8 79 88 50 84 48 56 95 83 103 36 51 12 70 11 85 29 94 2 7 99 18 81 22 10 58 73 98 71 30 102 97 31 43 46 17 67 19 53 49 60 4 1 47 13 34 105 106 5 62 52 25 76 72 65 15 23 75 54 41 91 92 9
43 39 88 30 84 65 74 44 21 75 41 38 24 51 93 50 56 29 22 102 100 8 18 78 12 63 66 91 71 17 3 76 92 60 73 69 96 46 11 1 47 10 55 0 7 77 37 40 49 48 15 13 57 106 104 42 16 52 83 103 33 81 86 25 107 5 26 94 105 35 79 28 101 34 6 9 31 45 23 70 99 61 87 58 4 98 62 82 2 90 89 27 32 14 67 97 36 95 85 80 20 72 19 59 54 68 53 64
19 90 39 103 92 30 55 67 53 88 81 22 34 79 54 36 104 48 45 0 106 82 11 91 33 69 64 29 65 27 5 46 100 24 12 44 15 42 105 2 57 72 37 97 35 18 31 95 17 98 51 50 62 8 14 6 70 40 85 96 73 84 52 74 26 28 101 7 107 25 56 78 41 60 63 77 94 75 71 13 102 10 21 87 61 58 99 83 9 93 1 23 4 89 76 47 59 43 49 86 32 66 80 3 16 38 20 68
95 79 100 13 78 73 65 92 14 69 47 64 75 3 8 44 62 67 102 53 24 25 83 66 20 21 48 76 52 50 38 51 36 82 72 80 32 94 30 59 81 58 74 86 15 63 91 10 26 55 29 31 28 19 84 49 57 56 41 39 70 88 16 45 11 6 23 17 101 9 60 77 34 5 42 12 27 71 4 1 35 40 33 22 54 105 43 104 61 98 97 46 7 106 37 0 107 90 89 103 2 68 18 99 87 85 93 96
34 67 14 47 106 99 12 59 87 10 9 88 6 93 2 22 19 63 104 16 86 54 15 107 98 102 74 38 85 32 71 94 29 66 0 89 73 56 27 97 80 64 60 79 83 81 105 3 68 82 52 55 50 58 21 51 37 101 53 7 42 62 61 17 41 69 33 1 48 65 92 30 84 36 26 90 91 96 95 43 40 45 49 44 72 28 20 8 11 35 75 76 70 13 31 78 77 39 24 5 103 57 25 100 18 46 4 23
29 7 16 82 10 60 66 1 12 84 4 18 8 69 101 97 2 44 11 100 98 86 37 83 87 32 73 46 102 0 88 39 25 103 65 51 41 22 107 31 50 36 77 62 17 91 27 78 57 95 40 35 75 99 76 104 93 48 71 79 5 70 43 94 81 34 6 74 89 13 61 58 105 26 67 52 54 42 47 59 92 64 3 23 9 96 21 24 30 68 106 45 80 56 63 49 85 15 20 53 19 14 28 33 55 72 90 38
96 103 59 42 14 63 106 82 61 27 64 48 71 16 4 58 13 77 95 94 75 107 84 32 93 67 29 9 62 26 86 50 23 101 54 60 70 74 88 81 98 66 3 89 104 72 51 68 11 102 31 46 99 85 34 56 55 78 15 2 35 8 28 5 10 90 41 25 47 76 36 12 45 83 37 20 69 17 57 92 105 39 7 73 22 53 30 91 38 43 65 87 79 24 19 18 0 100 40 52 97 33 49 1 44 80 6 21
51 35 20 105 34 91 73 57 84 72 99 103 96 37 32 90 26 33 80 75 2 81 41 55 48 59 16 69 98 71 82 83 14 17 4 1 50 13 61 67 70 22 88 58 95 53 56 65 24 52 36 0 49 45 97 23 46 7 43 25 78 38 87 92 76 47 85 39 100 27 40 29 9 6 94 19 64 79 60 77 18 21 30 31 8 66 102 62 42 106 15 5 63 104 74 44 12 54 28 10 68 107 86 11 93 3 89 101
57 33 102 19 93 54 22 32 31 18 11 10 43 44 105 40 61 47 9 3 34 53 6 69 46 84 98 37 103 72 73 8 7 1 20 67 88 27 41 48 15 38 70 12 13 82 24 17 39 51 78 49 66 21 5 97 80 0 101 74 77 16 107 100 89 83 52 35 87 23 42 81 29 30 59 104 106 60 50 85 56 71 45 65 25 79 90 68 36 64 86 96 94 4 92 99 91 55 26 95 63 58 2 28 75 14 76 62
60 99 6 68 53 10 2 61 86 76 5 97 40 72 59 45 92 91 32 90 84 31 64 47 52 28 77 106 25 37 65 21 18 100 55 70 46 29 43 83 12 73 66 38 105 15 36 23 101 96 74 62 24 4 107 34 102 81 67 14 0 7 51 103 22 30 42 58 3 88 35 80 13 41 50 87 9 26 89 93 71 57 85 39 20 82 8 75 69 78 19 17 16 79 104 98 49 11 95 1 33 48 56 63 94 44 27 54
44 22 86 98 43 81 23 72 103 54 53 92 106 14 13 24 55 71 84 69 56 26 1 6 15 60 21 31 66 57 77 27 41 97 37 107 101 34 68 102 58 32 50 4 0 78 87 94 79 91 42 100 73 10 9 16 20 29 40 90 25 64 75 96 61 85 28 83 38 19 93 17 7 52 80 62 99 30 45 48 74 5 104 67 18 65 2 46 89 88 59 49 11 70 47 105 63 33 3 76 51 36 39 8 82 95 12 35
88 52 40 81 56 45 67 79 75 17 31 41 107 62 68 66 59 9 58 95 93 57 35 34 100 105 101 94 48 43 63 10 51 78 23 22 84 65 60 61 2 11 54 29 80 5 55 87 28 86 70 32 1 77 42 46 4 21 18 16 38 39 13 30 69 37 15 6 14 64 50 103 99 76 98 8 73 53 33 7 44 3 102 96 36 92 49 47 0 97 91 90 85 20 27 19 83 89 74 72 24 26 82 71 106 25 104 12
81 55 28 39 16 20 11 98 44 29 105 6 50 56 72 95 4 49 69 26 5 93 34 92 35 33 19 88 2 9 87 63 80 25 22 24 75 53 86 3 42 96 40 77 8 107 64 79 73 17 12 89 70 37 74 1 13 84 62 68 90 106 58 31 46 94 103 101 59 18 52 91 14 48 54 36 83 43 104 47 32 0 97 76 57 100 38 30 27 51 60 71 23 21 65 15 41 82 7 102 85 67 99 66 78 10 61 45
67 42 87 35 20 94 48 12 41 90 16 19 7 55 56 82 10 32 63 11 4 98 104 52 43 83 106 36 38 58 66 103 17 84 100 3 27 40 28 46 37 8 1 24 77 59 39 99 6 72 76 69 23 92 64 13 14 61 29 45 62 57 60 18 54 80 30 0 71 51 78 68 49 105 91 101 50 44 70 89 65 93 15 25 33 97 95 2 96 79 9 74 53 81 5 86 88 85 21 47 34 75 107 31 22 73 26 102
11 95 66 61 36 55 99 105 43 80 30 0 20 86 96 56 53 85 52 98 12 40 107 94 97 57 27 26 46 41 10 49 88 42 45 93 4 82 77 91 21 29 33 8 79 34 28 84 90 31 81 103 18 16 62 5 15 25 100 67 72 3 54 101 102 76 2 59 83 89 87 104 60 74 73 106 65 38 92 44 9 50 37 68 47 17 13 70 32 69 48 39 78 35 23 1 14 24 19 6 58 63 64 51 71 7 75 22
61 44 8 73 15 87 69 90 2 83 60 57 27 65 62 4 17 16 56 72 43 106 28 26 78 104 23 12 22 64 46 47 38 91 81 71 86 96 32 101 51 48 98 20 1 88 30 31 41 74 97 40 92 107 68 79 18 11 77 70 10 0 14 93 29 13 102 85 54 6 59 35 19 3 49 105 89 58 24 55 100 34 99 9 95 67 36 5 45 76 7 33 52 63 103 84 37 50 42 82 80 39 66 94 25 75 21 53
21 16 106 50 83 75 7 6 94 47 71 100 62 76 43 103 1 64 68 104 27 0 81 57 95 86 65 20 72 78 105 97 39 54 91 38 66 77 35 32 55 98 107 14 56 84 89 9 92 90 3 60 63 61 33 40 44 23 93 88 51 53 12 52 17 26 36 87 18 82 101 10 28 80 102 5 13 37 29 96 73 22 69 4 45 99 25 67 59 46 49 34 48 58 8 24 79 31 41 85 11 70 74 15 19 30 2 42
89 64 73 33 44 25 29 28 90 13 80 67 69 9 34 19 49 45 24 15 91 42 85 61 18 5 56 82 7 6 36 40 62 3 14 87 30 101 102 51 31 70 21 57 4 17 88 58 75 16 63 39 53 52 106 74 26 43 47 100 84 23 32 50 1 96 76 11 98 12 41 97 104 2 55 48 66 86 93 81 10 79 27 107 60 22 77 35 46 0 8 20 99 78 105 103 65 71 68 92 59 37 38 95 72 94 54 83
30 85 21 52 18 77 100 43 72 65 73 34 53 95 64 46 79 86 4 35 102 2 36 49 66 58 91 104 63 93 0 99 60 107 11 19 22 89 45 75 90 94 51 7 47 38 15 44 78 23 67 42 3 12 98 101 96 82 25 81 32 97 84 28 14 9 24 50 106 87 80 105 8 10 88 39 92 5 48 16 70 59 57 103 62 1 17 69 74 37 40 26 76 29 41 13 56 61 54 31 6 55 20 83 27 71 68 33
42 53 93 101 49 103 71 95 74 94 44 36 15 35 48 12 38 41 77 54 69 73 47 86 99 81 79 62 61 45 102 75 96 87 76 13 11 107 16 72 92 17 0 66 10 29 82 22 14 4 85 65 97 1 19 78 67 89 68 80 98 28 27 70 106 51 43 56 58 20 63 6 39 21 8 31 34 18 55 26 59 25 46 105 104 50 23 33 90 57 88 100 40 2 9 7 32 52 60 24 91 3 30 5 84 83 64 37
45 78 64 29 95 50 96 38 36 101 26 76 100 85 77 33 57 74 54 62 59 58 44 65 83 93 10 47 73 3 34 89 56 15 30 86 8 75 7 99 49 52 80 87 22 0 90 27 82 40 5 67 41 88 18 105 32 16 21 20 97 68 19 72 2 23 104 51 61 70 69 98 63 28 17 37 11 14 1 103 42 92 48 24 102 13 35 43 53 31 46 106 81 25 107 4 6 60 71 39 12 9 84 79 66 55 91 94
28 26 30 27 74 24 91 104 98 71 49 42 80 94 31 68 37 73 38 85 51 44 54 88 5 52 1 3 0 100 2 14 87 72 84 58 90 16 18 50 78 43 11 41 21 46 45 92 62 10 39 20 25 57 22 107 105 53 35 63 86 102 48 59 95 93 97 89 15 81 103 9 33 17 4 79 82 106 40 75 12 69 76 101 34 19 60 32 23 67 36 6 47 65 13 64 99 66 8 96 29 83 61 70 7 56 77 55
107 27 46 31 72 13 68 37 67 33 86 25 88 5 60 55 76 70 41 97 38 23 94 21 26 11 24 1 69 87 91 3 77 9 98 63 95 7 20 85 56 18 82 65 89 48 2 104 45 83 64 58 101 81 75 15 40 90 51 73 14 96 66 35 50 43 62 8 6 28 17 100 4 59 92 54 16 32 102 80 79 53 42 49 99 39 10 29 12 44 57 30 74 103 22 36 61 19 34 84 71 52 78 93 47 106 105 0
15 9 74 90 100 70 85 69 13 1 98 84 60 8 75 0 105 24 40 92 68 66 76 45 17 89 53 48 77 103 67 58 82 63 57 50 99 64 94 79 18 106 73 101 71 23 102 55 27 56 35 72 107 26 87 47 49 34 31 61 12 59 88 33 37 91 21 30 20 7 5 44 51 42 2 14 22 28 83 39 95 97 32 78 11 6 104 54 62 25 3 65 19 96 38 80 93 81 10 36 4 43 46 29 86 16 41 52
4 34 104 83 0 33 84 9 28 7 72 99 30 80 39 49 89 90 91 22 64 59 19 42 96 40 75 103 8 51 12 98 85 5 1 37 67 35 92 14 25 78 23 63 81 106 66 97 105 15 57 29 79 94 69 88 71 50 87 21 61 60 70 43 20 77 46 36 73 54 62 56 10 68 82 26 86 65 41 52 13 44 74 3 6 32 76 58 55 16 17 18 38 100 53 107 24 47 31 11 93 102 101 27 2 48 45 95
102 29 19 46 11 44 62 66 32 39 94 4 95 91 63 74 51 38 71 2 67 61 45 82 106 101 97 93 54 1 35 107 8 86 88 30 89 73 17 9 59 81 79 50 5 22 3 57 52 64 43 16 48 76 28 58 78 47 55 40 69 21 6 14 49 68 7 20 65 60 83 18 87 37 15 85 53 99 56 42 96 41 23 70 92 75 33 72 34 36 100 13 84 27 10 12 80 26 104 77 90 25 0 105 98 103 24 31
26 32 50 65 25 62 14 8 7 98 79 61 31 78 6 64 30 42 35 63 29 72 101 85 76 4 0 107 80 20 16 12 1 34 33 18 45 87 103 96 99 71 17 48 102 36 67 86 43 106 2 105 54 82 52 68 59 77 90 56 66 11 5 19 15 3 60 46 55 97 100 41 21 81 84 91 24 57 13 10 28 73 53 89 74 23 47 37 95 83 58 75 104 94 93 88 39 69 9 40 70 22 44 38 92 51 49 27
0
80 74 94 54 59 86 78 96 77 89 66 60 72 92 95 62 91 85 70 84 82 58 101 73 64 88 98 57 102 81 83 105 69 90 97 63 76 100 104 56 103 55 107 99 93 65 67 106 75 71 61 79 87 68 3 41 39 27 21 4 11 50 15 35 24 45 10 46 53 32 18 49 12 23 1 48 36 8 6 51 0 29 20 30 19 17 5 52 25 9 33 16 13 44 2 14 7 34 26 43 37 22 28 40 38 31 47 42
77 86 71 84 97 105 89 64 66 85 101 98 55 100 68 88 63 92 62 102 81 70 94 95 103 59 74 75 78 106 73 83 104 79 93 82 57 67 65 58 91 72 80 54 56 69 99 107 61 87 60 76 96 90 43 12 44 36 39 25 50 48 18 16 7 38 8 37 14 45 21 2 41 30 26 27 51 0 28 33 42 20 35 31 3 9 1 49 15 6 53 40 17 34 22 23 52 4 11 46 13 10 19 24 32 5 29 47
57 107 63 70 104 80 83 92 81 76 59 87 96 60 61 64 72 101 65 74 95 90 100 106 77 75 86 91 71 54 85 55 88 97 102 58 99 89 84 94 105 69 103 98 79 62 66 56 68 78 93 73 82 67 29 31 47 0 35 10 13 14 45 2 15 18 46 53 48 41 3 28 16 51 19 25 9 24 49 44 5 8 52 6 38 30 26 11 32 37 21 27 7 50 39 20 12 33 43 36 22 17 34 42 4 40 23 1
58 70 105 62 56 98 93 78 71 77 76 104 90 57 55 92 67 102 60 106 87 64 75 101 89 54 65 97 83 73 94 84 103 81 85 72 100 59 79 91 96 80 99 107 68 63 82 61 86 95 74 69 88 66 25 14 4 13 0 37 18 47 3 45 21 26 53 16 44 51 1 8 35 29 50 22 10 9 7 38 41 33 46 28 31 34 48 20 52 24 12 39 15 6 30 49 40 27 5 42 36 23 17 32 11 2 19 43
55 75 99 77 85 69 82 101 61 62 93 88 71 97 60 83 74 106 100 103 98 54 58 90 87 78 64 67 57 56 81 80 86 73 59 65 92 70 105 96 84 63 79 104 66 76 89 68 95 72 107 102 94 91 21 0 29 28 22 34 14 8 9 41 26 35 44 27 47 5 37 12 49 33 16 1 45 3 25 42 31 30 6 15 40 4 32 24 11 46 23 53 36 10 52 48 39 13 20 2 18 7 51 19 43 38 17 50
93 100 59 69 86 77 104 54 97 91 61 80 83 79 56 105 88 60 78 65 72 67 70 58 92 96 73 107 94 85 68 98 102 55 89 99 62 76 75 87 106 66 63 90 64 95 57 82 81 101 103 71 84 74 7 33 14 46 23 2 17 10 36 42 44 19 41 21 30 3 22 51 20 26 53 38 37 5 18 13 11 48 47 12 52 29 4 39 16 34 43 9 24 0 28 45 25 8 31 35 1 49 32 50 6 15 40 27
104 63 80 65 83 54 58 75 102 90 103 91 59 66 96 87 86 107 76 79 99 95 60 100 55 101 105 89 69 88 71 57 78 74 106 77 56 81 61 84 92 70 68 64 73 93 98 97 62 82 94 72 67 85 5 24 36 31 6 12 22 38 48 1 43 3 13 52 42 28 41 30 51 44 33 7 18 35 32 19 2 37 49 4 39 53 16 15 29 27 9 11 40 45 50 21 14 47 46 20 23 25 8 10 0 26 34 17
64 91 69 72 65 74 54 62 107 68 84 92 73 56 70 61 85 98 103 63 102 59 83 96 75 77 55 80 99 78 90 97 66 82 95 88 94 106 67 81 58 57 89 93 71 104 76 101 100 60 79 87 105 86 6 26 13 41 40 21 49 15 7 19 0 4 32 38 9 2 14 44 3 12 5 24 46 25 29 50 27 39 33 22 10 16 53 51 35 42 30 1 11 43 36 34 23 31 17 28 48 47 20 18 45 52 37 8
101 105 81 88 75 93 90 71 56 82 102 64 100 68 103 85 94 79 69 70 58 83 91 98 86 65 78 54 59 104 76 72 106 62 67 61 89 55 57 74 87 95 96 77 63 97 80 73 99 107 66 84 60 92 27 37 8 38 20 28 52 35 33 44 11 25 50 34 13 18 19 7 31 47 39 4 30 43 26 17 46 2 9 21 51 15 24 40 3 36 6 22 53 5 16 41 42 45 23 48 12 0 10 14 29 1 32 49
97 85 96 87 100 107 106 57 67 80 89 105 78 86 72 94 76 93 99 81 62 88 64 65 70 102 56 98 95 59 82 103 73 91 92 90 69 77 63 75 68 79 54 71 104 55 61 83 101 74 84 58 66 60 42 45 26 7 51 29 53 46 20 38 22 23 52 8 40 36 24 43 14 32 49 39 16 37 12 41 9 19 30 47 50 1 13 3 21 10 35 33 34 17 15 28 2 0 27 18 4 48 25 31 44 11 6 5
81 72 88 106 105 97 74 66 85 92 62 82 80 95 76 55 96 64 86 56 73 63 90 102 101 71 75 93 91 57 89 54 99 94 107 68 77 79 59 69 60 61 87 84 100 67 78 103 70 58 65 98 104 83 31 15 19 29 49 38 40 41 10 21 17 50 7 45 35 39 48 25 1 20 6 26 14 36 46 37 12 0 11 53 43 8 18 42 2 30 22 28 9 27 33 13 16 5 51 32 44 24 23 47 52 4 3 34
106 98 95 99 84 71 62 76 89 78 97 77 88 65 82 66 101 104 67 68 63 57 102 87 94 105 79 60 90 69 96 100 59 56 58 81 103 61 107 73 64 93 70 74 54 86 83 75 55 85 80 91 92 72 44 48 33 21 34 32 27 37 6 20 40 13 15 18 19 29 42 5 53 39 43 47 7 11 9 26 50 35 14 46 4 49 45 23 12 8 28 51 52 41 24 2 30 10 1 3 31 16 22 36 17 25 0 38
63 106 56 83 89 58 94 93 100 70 77 54 95 61 59 75 66 99 80 97 57 87 68 64 60 92 102 84 73 107 98 101 74 88 76 55 104 96 81 90 86 105 67 82 62 91 69 71 65 103 72 85 78 79 11 35 2 20 5 14 24 13 44 0 23 48 16 42 22 46 9 47 50 28 32 15 34 10 52 53 18 38 43 3 27 51 40 21 33 4 39 45 25 7 6 12 37 19 30 17 8 31 26 49 36 41 1 29
70 62 78 57 64 81 59 103 88 69 63 75 107 98 85 60 84 68 106 66 104 105 92 71 82 100 80 79 65 97 77 89 91 61 94 74 54 99 102 83 56 73 93 96 90 87 72 67 58 76 86 101 55 95 36 52 40 3 48 6 15 33 1 10 4 28 19 47 17 9 0 23 46 41 35 11 49 30 2 27 26 5 24 39 16 14 50 45 8 31 44 32 22 42 34 53 43 29 13 37 25 51 38 7 20 21 18 12
90 77 92 61 80 96 69 73 104 55 72 74 70 67 94 54 82 86 83 76 84 65 57 75 102 93 95 105 98 60 62 58 97 66 63 78 64 87 91 100 79 99 101 88 85 106 107 59 103 81 71 68 89 56 15 9 53 22 31 47 29 3 30 34 36 21 33 13 51 6 12 50 10 7 11 23 19 1 35 40 4 49 16 18 20 44 17 37 43 52 0 38 2 25 14 26 5 32 28 41 39 42 24 48 8 27 45 46
87 54 104 59 107 75 68 100 94 95 69 72 105 80 78 102 71 57 85 67 91 89 88 97 79 56 84 77 82 98 58 106 90 60 99 92 66 64 86 101 73 83 55 76 70 61 65 74 63 62 96 103 93 81 1 42 25 17 30 3 33 45 49 48 37 46 36 19 6 10 44 16 11 40 47 5 43 27 14 24 13 53 28 41 26 18 38 0 22 21 32 20 35 52 8 9 50 23 29 34 7 39 15 51 2 12 31 4
59 102 68 107 76 57 70 69 84 93 78 55 75 103 88 106 62 74 95 82 85 73 54 104 56 60 94 72 66 58 105 71 92 83 101 86 98 91 99 97 65 67 77 100 96 80 79 63 90 64 89 81 61 87 22 11 24 5 29 0 25 52 16 47 49 40 28 41 2 7 6 31 27 21 17 12 4 42 10 46 45 51 19 33 8 20 35 53 14 50 48 37 32 9 26 18 44 39 36 38 43 34 1 13 23 30 15 3
62 61 79 96 101 66 76 87 103 100 92 99 104 84 102 97 57 69 73 90 77 72 56 105 83 94 60 81 63 86 67 64 75 95 74 98 106 85 58 71 93 54 65 68 91 70 88 89 78 80 82 107 59 55 41 53 22 16 38 52 26 1 0 28 31 42 5 30 43 17 45 39 21 18 34 32 6 20 48 2 49 27 50 24 13 37 29 7 46 47 19 44 10 40 25 33 3 15 35 11 9 4 14 8 12 23 36 51
67 80 91 58 103 83 102 90 106 75 79 81 77 105 66 86 55 96 107 69 68 101 74 93 57 76 62 104 56 84 92 59 70 78 82 54 63 60 87 72 89 97 71 73 61 98 95 64 85 100 99 94 65 88 35 16 28 24 3 31 37 44 26 36 47 52 14 0 20 19 32 42 39 43 22 9 25 12 33 10 1 11 34 5 29 48 15 38 53 40 7 2 30 23 51 46 17 41 45 50 49 21 6 4 27 13 8 18
96 88 107 85 68 72 100 70 105 67 57 86 94 77 74 91 81 80 87 95 83 71 61 62 73 63 90 99 79 55 103 104 58 69 66 59 78 65 56 92 76 84 64 101 89 82 75 98 60 93 102 106 54 97 52 29 38 10 32 35 48 22 23 25 42 37 34 9 4 33 7 21 5 24 14 46 40 13 36 28 17 16 45 20 41 3 11 18 1 44 26 15 39 49 12 19 0 53 47 27 6 43 50 30 31 8 51 2
60 65 83 56 94 90 64 85 68 103 71 62 79 101 73 74 95 70 54 91 76 100 80 92 67 99 93 69 61 105 63 88 84 86 55 96 81 98 82 107 75 102 72 66 77 89 58 104 57 106 87 78 97 59 18 34 3 48 46 53 0 28 11 30 6 1 43 24 8 27 17 10 42 14 15 40 20 44 51 12 22 36 38 2 32 7 33 50 31 45 5 19 23 26 4 16 35 52 37 25 21 13 41 9 47 29 49 39
54 103 101 100 61 78 77 67 57 81 87 84 58 74 97 76 107 105 79 72 70 75 65 94 99 62 88 106 85 96 60 91 68 93 69 66 95 90 71 82 55 64 102 56 80 83 73 86 98 89 92 59 63 104 0 40 43 8 12 51 30 4 25 52 41 22 35 7 32 34 20 38 19 46 13 21 15 6 5 18 44 9 39 45 11 28 47 10 26 49 37 31 50 33 23 36 29 14 48 24 3 2 42 1 53 17 27 16
71 56 106 82 73 63 105 80 95 99 90 79 68 89 69 57 64 62 66 54 96 55 107 76 91 104 72 83 87 94 97 85 67 65 60 100 86 101 92 61 78 74 84 58 102 75 81 70 77 98 59 88 103 93 19 21 1 15 43 50 34 39 17 5 16 33 18 32 12 14 47 0 26 4 41 45 23 48 40 11 7 46 3 27 42 31 36 28 51 13 10 24 38 53 29 8 20 30 49 9 35 37 44 52 25 6 2 22
85 95 72 103 67 73 86 79 80 59 68 106 66 54 84 100 75 87 105 78 97 107 96 61 88 91 71 82 101 62 57 77 63 58 64 56 70 74 76 99 102 81 98 94 60 90 104 92 83 65 55 93 69 89 13 50 35 30 33 9 44 23 29 32 34 49 12 4 10 52 36 26 2 5 37 16 38 31 19 7 8 41 27 48 14 0 6 17 24 53 45 25 47 51 43 1 22 20 42 39 15 28 40 3 46 18 11 21
84 81 66 75 95 94 73 58 82 104 67 101 63 87 93 56 78 83 88 60 59 96 69 89 61 106 70 64 100 65 99 62 54 71 72 80 107 57 85 79 98 90 92 86 103 77 97 102 105 55 68 74 91 76 32 49 15 37 7 20 19 24 31 12 27 29 2 10 50 22 26 33 34 6 51 3 53 45 16 39 35 1 8 17 0 38 43 13 18 23 41 52 42 14 5 4 21 46 40 30 28 11 47 44 9 48 25 36
95 58 102 86 82 92 88 98 79 87 56 65 99 96 89 67 54 73 64 55 61 84 76 81 97 68 91 90 72 70 107 94 100 104 62 85 75 63 101 60 74 71 105 59 57 103 77 93 66 69 106 80 83 78 16 19 10 44 1 43 39 20 34 37 18 11 48 15 25 49 29 41 28 17 40 36 22 46 53 8 51 23 4 52 21 35 3 9 6 14 27 26 5 47 31 0 13 24 7 12 32 38 2 45 33 42 50 30
103 104 62 73 81 61 97 74 101 106 82 59 85 90 87 79 69 65 75 86 89 98 77 56 93 55 83 66 67 64 84 99 105 68 71 76 60 94 80 88 100 107 78 70 72 92 91 95 102 96 54 57 58 63 50 25 23 51 52 11 36 5 2 53 29 17 27 28 33 16 43 34 44 3 7 18 35 22 42 15 38 4 10 26 30 12 19 14 39 20 13 46 45 24 37 47 49 6 21 31 40 8 48 0 1 32 9 41
76 59 61 102 70 64 66 65 83 97 88 68 67 81 63 80 79 75 71 100 103 92 106 85 58 74 96 101 77 72 87 73 93 57 56 91 55 82 95 89 107 60 86 69 98 78 105 90 104 84 62 54 99 94 51 36 34 33 24 1 41 2 50 14 5 7 6 12 11 43 4 18 29 31 25 17 0 28 45 16 15 13 37 8 49 23 42 30 10 39 47 35 21 32 53 38 26 9 44 52 19 27 3 20 48 46 22 40
94 78 97 64 102 82 71 105 63 72 91 96 89 107 100 73 58 56 98 83 79 61 81 88 90 80 76 103 92 95 86 74 60 75 104 69 67 84 62 57 66 87 106 65 59 101 85 77 93 54 70 55 68 99 49 51 17 39 16 44 32 21 38 8 3 43 40 36 52 35 50 6 9 15 31 33 26 47 1 20 25 22 5 19 37 46 30 41 23 12 24 10 28 48 0 29 11 2 18 53 14 45 4 27 34 7 42 13
73 64 60 81 66 55 92 88 74 58 70 100 101 63 83 72 102 78 68 93 71 69 104 59 95 85 77 76 89 99 106 79 107 96 65 105 97 86 90 80 82 98 62 61 67 54 84 87 94 56 91 75 57 103 45 5 49 52 9 23 2 43 42 13 1 34 4 44 18 21 10 20 15 0 8 51 27 26 17 31 39 3 40 14 46 25 37 47 7 28 38 50 6 19 48 24 33 36 41 29 11 12 16 53 22 35 30 32
92 97 100 98 63 67 75 99 54 102 85 56 87 91 71 103 105 84 81 77 88 93 79 66 72 89 58 70 60 61 59 82 80 107 86 95 68 69 55 78 104 106 73 57 101 96 90 62 74 94 76 83 64 65 8 38 11 43 26 30 28 29 47 4 52 53 23 5 36 37 27 14 24 42 48 6 50 19 39 22 32 18 31 51 17 10 34 12 20 25 46 13 0 21 49 35 45 1 3 7 2 44 9 15 40 16 41 33
69 79 74 71 106 76 103 94 64 56 104 78 81 93 65 58 70 72 89 99 86 97 55 83 68 84 57 62 105 92 75 96 61 67 91 87 102 95 100 98 101 82 88 63 107 85 59 66 73 77 90 60 80 54 53 22 9 26 15 46 51 32 27 43 8 14 47 33 24 0 16 3 17 48 2 30 5 49 11 1 52 12 41 23 25 45 20 35 42 18 50 34 29 13 7 37 31 21 39 19 38 40 36 6 10 28 4 44
83 68 93 78 71 104 55 107 98 88 95 102 103 69 99 63 56 91 92 105 90 76 82 86 66 97 106 85 58 100 74 65 77 84 96 62 73 54 70 64 72 59 81 79 94 57 87 60 89 67 75 61 101 80 37 6 16 45 28 41 47 51 35 15 39 31 24 49 1 13 38 4 40 36 30 50 21 32 3 43 53 42 22 0 33 27 23 46 9 48 20 17 18 2 44 10 34 25 8 14 29 52 11 12 5 19 26 7
100 55 90 80 69 106 65 89 62 86 96 70 93 76 54 81 104 59 91 71 67 77 105 99 98 82 66 61 84 103 95 60 87 64 68 79 72 73 74 85 88 58 94 75 97 107 102 57 92 83 78 63 56 101 14 1 52 47 41 17 31 27 8 51 33 6 26 20 34 4 11 19 36 37 38 43 13 21 50 35 3 15 25 49 28 39 9 32 40 7 2 18 48 12 42 30 10 44 24 23 0 53 46 29 16 22 5 45
68 94 70 89 77 101 84 55 76 74 64 97 60 73 90 99 59 81 72 75 106 85 62 103 54 58 61 96 88 63 91 93 57 87 105 107 79 66 69 95 67 104 83 102 78 100 56 65 80 92 98 86 71 82 24 7 46 32 25 16 12 26 22 29 10 47 37 40 0 38 2 52 18 13 9 19 8 4 44 36 48 17 53 42 6 21 51 33 28 3 14 30 49 31 1 39 27 11 50 15 45 5 43 23 41 34 20 35
89 76 77 97 57 68 56 59 55 105 54 61 102 104 101 98 92 103 84 94 107 80 93 67 71 95 99 87 106 74 65 86 79 85 81 75 58 88 66 63 69 91 100 72 82 60 64 78 96 73 83 70 90 62 10 8 6 4 36 7 45 11 53 39 46 30 38 23 5 40 51 24 43 49 29 35 1 2 47 32 21 34 44 50 18 33 31 27 37 0 52 41 16 22 19 25 48 3 15 26 42 14 12 17 13 9 28 20
75 99 58 95 88 85 101 84 91 60 100 69 82 94 79 59 65 97 57 92 93 56 98 80 107 72 67 73 74 66 61 63 62 106 78 71 96 83 103 68 81 89 90 87 76 102 55 54 64 70 104 77 86 105 47 46 21 18 2 15 9 30 32 31 48 16 29 26 39 11 49 35 25 27 28 0 44 51 34 14 23 40 12 37 7 5 52 43 4 41 42 8 19 20 13 3 36 17 22 1 10 6 45 38 50 53 33 24
74 71 76 60 72 103 91 104 93 61 73 94 106 99 57 69 89 66 96 58 78 86 87 84 65 67 59 63 62 80 55 68 56 102 98 83 90 97 54 77 85 101 82 92 95 81 70 88 107 75 64 105 79 100 38 30 32 14 19 26 3 9 28 27 50 24 17 25 31 15 46 1 4 10 0 49 2 39 20 52 29 45 42 35 23 40 21 22 47 16 36 6 43 8 11 44 18 37 34 13 53 41 33 5 7 51 12 48
86 57 55 93 62 99 81 77 65 101 106 103 76 102 105 95 97 100 61 96 64 82 59 91 85 87 107 56 104 71 69 92 89 98 83 73 88 72 94 70 80 78 75 60 58 66 68 79 54 63 67 90 74 84 48 2 27 1 44 22 43 18 4 49 20 8 45 50 46 30 39 29 37 35 52 42 12 7 41 47 40 6 21 34 53 24 0 25 36 32 51 23 31 3 38 15 19 16 33 5 17 9 13 11 28 14 10 26
102 84 86 79 96 60 95 97 87 98 58 66 69 55 62 65 100 82 74 73 94 99 72 68 59 81 85 92 75 83 54 70 64 80 57 93 61 103 89 104 90 88 56 78 106 71 63 76 91 105 101 67 77 107 30 13 42 34 10 24 5 36 14 46 32 15 11 51 23 12 31 45 22 19 18 28 47 52 43 3 33 25 17 29 1 26 2 8 41 38 40 48 27 35 20 6 4 7 9 21 16 50 0 37 39 49 44 53
66 82 57 67 55 102 99 91 73 54 75 71 74 72 81 96 60 95 90 98 80 68 103 79 76 69 63 100 86 77 64 87 101 89 88 104 84 107 78 59 61 62 85 83 92 94 93 105 56 97 58 65 70 106 9 4 48 2 50 39 16 40 41 26 30 51 0 3 21 25 52 11 13 8 12 10 24 29 38 23 20 14 1 43 36 42 28 31 34 33 18 7 44 46 45 17 15 49 19 6 27 32 5 22 35 47 53 37
107 73 89 104 92 84 57 60 99 63 65 93 56 59 67 70 106 76 77 64 105 81 95 74 78 83 82 86 68 87 80 75 98 54 90 103 101 62 72 55 71 94 66 91 69 88 96 58 79 61 85 97 100 102 33 39 12 6 47 13 7 49 37 9 19 10 42 14 28 44 15 40 38 1 23 31 17 18 24 48 30 21 26 25 5 50 27 29 45 2 34 43 4 11 41 22 46 51 32 8 52 36 53 35 3 20 16 0
91 90 84 101 87 100 80 83 59 94 99 58 86 71 92 89 61 88 56 85 65 103 73 72 63 107 68 78 64 102 93 66 82 76 77 57 74 104 98 67 97 75 60 55 81 105 54 96 106 79 69 95 62 70 46 43 18 35 11 8 42 16 52 24 28 20 31 39 26 50 53 13 23 22 36 41 33 34 27 49 6 44 32 7 2 19 12 4 17 15 1 0 14 30 9 51 47 40 38 10 5 3 29 21 37 45 48 25
72 67 64 91 60 79 98 81 86 73 105 76 92 82 80 107 83 58 101 59 54 104 71 57 74 70 103 102 93 90 78 61 55 99 75 94 65 68 96 106 63 100 97 95 87 56 62 84 88 66 77 89 85 69 20 32 45 23 17 19 4 31 46 40 2 36 49 1 37 53 25 22 0 9 24 34 11 50 30 5 14 7 13 16 47 52 8 44 48 51 29 3 12 28 35 43 38 42 6 33 41 18 27 26 21 10 39 15
78 96 98 66 79 65 87 56 72 84 80 89 57 62 77 90 93 61 94 104 101 91 85 54 81 73 97 95 103 68 70 107 71 63 100 106 83 58 64 86 99 92 74 67 105 59 60 55 69 102 88 82 76 75 23 47 7 12 37 45 46 17 13 33 38 5 3 43 29 48 30 32 8 25 42 53 52 14 0 4 10 24 51 36 9 22 39 6 50 11 15 21 41 16 18 27 1 26 2 40 34 20 49 28 19 44 35 31
61 93 75 68 78 88 63 106 92 79 98 95 84 85 86 104 90 94 102 87 74 62 89 55 105 57 69 71 107 82 101 81 65 77 70 67 80 56 60 54 59 96 91 97 83 64 103 72 76 99 100 66 73 58 39 23 37 25 53 40 38 0 21 6 45 32 51 35 3 26 34 27 47 52 20 2 48 33 4 9 36 31 29 44 12 13 14 19 5 22 16 42 8 1 17 11 41 43 10 49 50 30 18 46 15 24 7 28
105 92 85 76 99 70 67 86 78 96 74 57 65 75 91 77 103 71 58 62 56 60 63 107 69 98 101 88 80 89 104 102 83 72 84 97 87 93 106 66 54 68 59 81 55 79 100 94 82 90 73 64 95 61 40 44 20 11 18 42 21 53 19 22 51 12 39 6 41 24 5 17 33 50 10 13 3 15 8 45 28 43 48 32 34 2 7 36 27 29 49 14 1 37 47 52 9 35 25 4 46 26 31 16 30 0 38 23
56 69 82 55 93 95 60 61 90 71 107 67 97 88 58 68 80 54 63 57 75 94 99 70 62 64 92 74 96 79 66 78 85 59 73 102 91 105 77 103 83 65 76 89 84 72 101 100 87 86 81 104 106 98 17 3 0 19 14 33 6 7 24 18 25 41 30 11 15 1 23 9 45 34 27 20 42 38 31 29 16 50 2 40 44 32 49 48 13 43 8 36 26 4 21 5 28 12 53 22 47 46 35 39 51 37 52 10
79 83 87 74 54 59 96 72 70 57 86 63 98 64 107 78 99 90 93 89 55 66 84 82 104 61 100 68 81 91 56 67 76 101 103 60 105 80 73 65 94 77 69 62 75 58 106 85 97 88 95 92 102 71 4 20 30 9 45 5 35 25 43 11 13 39 21 31 27 42 8 53 7 38 3 44 32 41 15 0 37 28 23 1 22 47 10 2 49 19 17 29 51 18 40 50 6 48 12 16 26 33 52 34 24 36 46 14
88 89 54 63 90 87 107 82 75 65 94 83 61 106 104 84 98 77 55 80 69 78 66 60 100 103 81 59 76 93 102 95 96 70 79 101 71 92 97 62 57 56 58 85 86 73 74 91 67 68 105 99 72 64 2 18 41 40 42 27 23 12 39 3 53 9 22 48 49 20 33 36 52 45 46 8 28 17 21 34 19 26 7 11 15 43 44 5 0 1 4 47 37 29 10 31 32 38 16 51 24 35 30 25 14 50 13 6
98 60 73 105 74 62 61 63 58 107 81 85 91 83 106 93 87 55 104 101 66 79 67 69 96 86 89 94 70 76 88 90 72 100 54 64 82 78 68 102 95 103 57 80 65 84 92 99 71 59 97 56 75 77 34 17 51 42 8 49 1 6 5 7 35 44 20 22 38 23 28 48 32 2 4 52 29 53 37 21 43 10 36 13 45 11 25 16 30 26 31 12 46 15 27 40 24 50 0 47 33 19 39 41 18 3 14 9
82 66 65 94 98 91 79 68 96 83 60 107 64 58 75 101 77 89 59 88 92 106 78 63 80 90 54 55 97 67 72 56 95 103 87 70 85 102 93 76 62 86 61 105 74 99 71 69 84 104 57 100 81 73 26 27 31 50 13 18 10 42 40 23 12 2 1 29 7 47 35 46 30 53 44 14 39 16 22 6 24 52 0 9 48 36 41 34 19 17 25 5 20 38 3 32 8 28 4 45 51 15 37 33 49 43 21 11
65 87 103 92 91 56 85 102 60 64 83 90 54 70 98 71 73 67 82 61 100 74 97 78 84 66 104 58 55 101 79 69 94 105 80 89 59 75 88 93 77 76 95 106 99 68 86 81 72 57 63 62 107 96 12 28 5 49 27 36 8 19 51 50 9 0 25 17 45 31 13 15 48 16 21 37 41 40 23 30 34 47 18 10 24 6 46 1 38 35 11 4 3 39 32 42 53 22 14 44 20 29 7 2 26 33 43 52
99 101 67 90 58 89 72 95 69 66 55 73 62 78 64 82 68 63 97 107 60 102 86 77 106 79 87 65 54 75 100 76 81 92 61 84 93 71 83 105 70 85 104 103 88 74 94 80 59 91 56 96 98 57 28 10 50 53 4 48 20 34 12 17 14 27 9 2 16 8 40 37 6 11 45 29 31 23 13 25 47 32 15 38 35 41 22 26 44 5 3 49 33 36 46 7 51 18 52 0 30 1 21 43 42 39 24 19